11729
12401
19786
19787
19788
19790
19792
19795
19796
19797
19798
19799
19800
19801
19802
19803
19804
19805
19806
19807
19808
19809
19810
19812
19813
19815
19816
19817
19818
19819
19820
19821
19822
19824
19826
19827
19828
19829
19831
19832
19833
19834
19835
19836
19837
19838
19839
19840
19842
19843
19844
19849
19850
19852
19855
19856
19859
19860
19861
19862
19863
19864
19865
19866
19867
19868
19869
19871
19872
19873
19874
19875
19876
19879
19880
19883
19885
19887
19888
19889
19891
19892
19896
19897
19898
19899
19900
19901
19902
19903
19904
19905
19906
19907
19908
19909
19917
19918
19920
19925
19930
19947
19950
19951
19952
19953
19957
19958
19959
19960
19963
19965
19966
19968
19969
19970
19971
19972
19973
19974
19975
19976
19977
19978
19979
19980
19981
19983
19987
19989
19994
19998
19999
20000
20001
20002
20003
20004
20012
20013
20016
20019
20020
20023
20024
20025
20029
20033
20034
20036
20039
20043
20044
20047
20049
20050
20055
20056
20058
20059
20060
20061
20066
20067
20069
20070
20073
20083
20087
20088
20090
20093
20094
20098
20100
20103
20109
20111
20112
20113
20114
20115
20123
20128
20129
20130
20131
20132
20133
20134
20135
20138
20144
20148
20153
20154
20161
20166
20167
20169
20170
20171
20172
20174
20179
20180
20183
20187
20190
20193
20200
20202
20206
20209
20212
20217
20218
20225
20226
20228
20229
20230
20234
20237
20238
20239
20254
20257
20262
20263
20268
20269
20271
20273
20274
20277
20279
20282
20288
20289
20293
20296
20299
20302
20311
20312
20313
20316
20319
20323
20330
20333
20347
20352
20357
20359
20363
20364
20366
20369
20374
20377
20378
20393
20394
20395
20403
20404
20407
20409
20422
20423
20427
20428
20431
20432
20433
20434
20435
20436
20440
20441
20442
20443
20444
20445
20446
20448
20449
20450
20452
20453
20455
20457
20458
20459
20461
20462
20465
20470
20471
20474
20475
20477
20478
20482
20483
20486
20488
20489
20491
20492
20493
20496
20500
20505
20508
20510
20511
20513
20521
20525
20526
20527
20530
20535
20536
20538
20539
20543
20544
20545
20555
20556
20557
20559
20561
20562
20565
20570
20571
20576
20577
20578
20591
20599
20600
20603
20611
20617
20619
20620
20621
20626
20628
20630
20632
20638
20640
20642
20643
20647
20652
20653
20654
20660
20664
20666
20667
20668
20669
20671
20673
20674
20675
20676
20677
20680
20681
20682
20683
20686
20688
20691
20695
20696
20701
20702
20704
20705
20707
20718
20720
20723
20726
20727
20732
20735
20750
20751
20752
20755
20757
20758
20759
20761
20766
20767
20769
20774
20782
20785
20793
20802
20803
20804
20805
20806
20807
20808
20809
20810
20815
20816
20819
20820
20827
20828
20843
20851
20854
20859
20860
20861
20862
20865
20869
20877
20878
20879
20880
20881
20882
20892
20893
20894
20895
20898
20901
20903
20907
20908
20909
20910
20912
20913
20914
20915
20916
20920
20923
20925
20928
20929
20930
20934
20942
20944
20949
20951
20954
20955
20958
20960
20961
20962
20963
20967
20968
20969
20972
20973
20976
20978
20979
20980
20982
20983
20984
20989
20990
20991
20993
20994
20996
20999
21000
21003
21008
21013
21019
21023
21033
21034
21048
21049
21055
21057
21061
21065
21067
21069
21070
21071
21072
21073
21074
21075
21076
21077
21078
21079
21081
21089
21092
21094
21097
21100
21106
21108
21110
21112
21113
21114
21115
21120
21121
21122
21133
21138
21141
21144
21147
21149
21150
21155
21162
21163
21165
21166
21169
21170
21171
21173
21176
21178
21180
21181
21184
21186
21188
21190
21192
21194
21195
21196
21199
21200
21201
21202
21203
21204
21207
21209
21210
21211
21212
21214
21219
21220
21221
21222
21224
21230
21231
21236
21237
21243
21245
21252
21253
21254
21255
21256
21257
21259
21262
21264
21265
21267
21271
21273
21275
21276
21277
21278
21279
21280
21281
21283
21284
21285
21286
21288
21289
21290
21291
21298
21300
21301
21303
21305
21309
21311
21321
21324
21325
21329
21330
21332
21336
21338
21339
21342
21347
21349
21351
21354
21360
21361
21363
21369
21372
21373
21378
21379
21380
21382
21383
21385
21389
21390
21396
21399
21400
21403
21404
21411
21414
21415
21419
21420
21421
21422
21423
21424
21426
21428
21435
21438
21442
21443
21444
21446
21448
21452
21456
21462
21467
21468
21471
21472
21474
21483
21486
21487
21488
21498
21501
21504
21505
21507
21508
21511
21518
21524
21526
21528
21530
21531
21532
21533
21534
21535
21539
21546
21549
21550
21553
21555
21556
21560
21562
21564
21565
21566
21567
21570
21571
21573
21574
21576
21577
21578
21579
21580
21581
21585
21587
21596
21607
21612
21618
21625
21641
21642
21643
21659
21662
21663
21665
21666
21667
21668
21669
21670
21672
21674
21675
21676
21677
21678
21679
21680
21682
21686
21694
21696
21697
21704
21708
21712
21715
21717
21724
21726
21729
21734
21738
21745
21746
21747
21748
21750
21754
21756
21771
21773
21779
21781
21782
21784
21785
21787
21789
21794
21798
21800
21802
21803
21804
21806
21807
21808
21809
21811
21812
21813
21814
21815
21816
21817
21818
21819
21820
21822
21823
21825
21827
21828
21829
21831
21833
21834
21835
21836
21837
21838
21839
21840
21841
21846
21847
21848
21849
21852
21859
21860
21863
21864
21866
21867
21868
21869
21870
21871
21872
21873
21874
21875
21876
21877
21878
21879
21880
21881
21882
21885
21886
21887
21889
21890
21891
21892
21893
21894
21895
21896
21897
21898
21903
21904
21905
21906
21909
21910
21912
21913
21917
21918
21919
21920
21921
21922
21923
21925
21935
21936
21937
21939
21940
21951
21952
21953
21955
21956
21957
21961
21962
21963
21964
21965
21966
21967
21968
21969
21970
21971
21972
21973
21975
21976
21977
21978
21979
21980
21983
21984
21985
21986
21987
21988
21989
21990
21991
21992
21993
21994
21995
21998
21999
22000
22001
22002
22003
22005
22007
22009
22010
22011
22012
22013
22014
22015
22016
22017
22018
22019
22020
22021
22022
22023
22024
22025
22026
22028
22031
22033
22035
22037
22038
22039
22041
22042
22043
22044
22045
22047
22048
22053
22054
22055
22056
22058
22059
22060
22061
22069
22070
22071
22075
22076
22079
22081
22082
22083
22084
22085
22087
22089
22090
22091
22092
22093
22094
22095
22096
22099
22102
22103
22104
22105
22107
22114
22115
22116
22117
22118
22120
22121
22122
22123
22124
22126
22127
22131
22132
22138
22139
22140
22143
22144
22145
22146
22148
22149
22150
22151
22152
22153
22154
22155
22156
22157
22159
22160
22162
22164
22167
22168
22169
22170
22171
22172
22173
22174
22175
22176
22177
22178
22179
22183
22185
22186
22187
22191
22192
22193
22194
22195
22196
22197
22198
22199
22200
22201
22202
22204
22205
22209
22210
22214
22215
22217
22218
22219
22221
22222
22223
22224
22226
22228
22229
22230
22231
22233
22234
22236
22237
22240
22243
22245
22246
22247
22248
22249
22250
22251
22253
22257
22258
22259
22267
22269
22275
22278
22279
22282
22283
22284
22285
22286
22289
22290
22291
22292
22293
22294
22295
22296
22297
22298
22299
22300
22301
22302
22303
22304
22306
22307
22308
22309
22310
22312
22313
22314
22315
22317
22318
22319
22320
22321
22322
22326
22327
22328
22330
22332
22333
22334
22336
22337
22338
22339
22340
22341
22342
22344
22345
22346
22347
22348
22349
22350
22351
22352
22355
22356
22358
22359
22360
22361
22362
22363
22364
22365
22366
22369
22370
22373
22374
22375
22376
22377
22378
22379
22380
22381
22382
22383
22384
22386
22387
22388
22389
22390
22391
22392
22393
22394
22395
22396
22397
22399
22401
22402
22403
22404
22405
22406
22407
22408
22411
22413
22414
22415
22416
22418
22419
22421
22422
22423
22424
22425
22427
22428
22429
22430
22432
22433
22434
22435
22439
22440
22441
22443
22445
22446
22447
22448
22450
22451
22453
22454
22455
22456
22457
22458
22459
22460
22462
22465
22466
22467
22468
22469
22470
22471
22472
22473
22474
22476
22478
22479
22481
22482
22483
22484
22485
22486
22487
22488
22490
22491
22492
22493
22494
22495
22496
22497
22499
22500
22502
22503
22505
22506
22507
22508
22510
22511
22512
22513
22515
22516
22517
22519
22520
22522
22523
22524
22525
22527
22528
22530
22531
22533
22534
22535
22536
22537
22538
22539
22540
22541
22543
22544
22545
22546
22547
22549
22550
22551
22552
22553
22555
22556
22557
22559
22560
22562
22563
22564
22565
22566
22567
22568
22569
22570
22572
22573
22574
22575
22576
22577
22578
22579
22580
22582
22583
22585
22586
22587
22588
22589
22593
22594
22595
22596
22600
22601
22603
22604
22605
22608
22609
22610
22611
22612
22613
22615
22616
22617
22618
22619
22621
22623
22624
22625
22626
22628
22629
22630
22631
22632
22634
22636
22637
22638
22640
22643
22644
22646
22647
22648
22651
22653
22654
22655
22656
22657
22658
22659
22660
22661
22662
22663
22665
22666
22667
22669
22670
22671
22672
22673
22674
22675
22677
22678
22679
22682
22683
22685
22686
22687
22688
22689
22690
22691
22692
22694
22696
22697
22698
22699
22700
22701
22702
22703
22706
22707
22708
22709
22710
22711
22713
22714
22715
22716
22717
22718
22719
22720
22721
22722
22723
22726
22727
22728
22729
22730
22731
22732
22733
22737
22738
22739
22740
22741
22743
22744
22745
22746
22748
22749
22750
22751
22752
22753
22754
22756
22757
22758
22759
22761
22762
22763
22764
22765
22767
22768
22769
22772
22773
22774
22775
22777
22778
22779
22780
22781
22782
22783
22784
22785
22786
22787
22788
22790
22791
22792
22793
22794
22795
22796
22797
22798
22799
22800
22801
22802
22803
22804
22805
22806
22807
22808
22809
22810
22811
22812
22813
22814
22815
22819
22821
22823
22825
22826
22827
22829
22830
22831
22832
22834
22835
22836
22838
22839
22840
22843
22844
22845
22849
22850
22851
22853
22855
22856
22857
22858
22859
22860
22861
22862
22865
22866
22867
22868
22869
22870
22872
22873
22876
22877
22882
22883
22886
22887
22889
22890
22891
22892
22894
22895
22896
22898
22901
22903
22904
22905
22906
22909
22911
22912
22913
22914
22916
22917
22918
22919
22920
22921
22924
22925
22928
22929
22930
22931
22932
22934
22935
22936
22937
22938
22939
22942
22948
22952
22956
22960
22961
22962
22963
22964
22965
22966
22967
22968
22969
22971
22973
22977
22979
22980
22981
22982
22983
22984
22986
22987
22989
22992
22995
22996
22997
22998
23000
23001
23002
23004
23006
23007
23009
23010
23011
23012
23013
23015
23016
23020
23022
23026
23027
23028
23031
23032
23038
23039
23040
23042
23046
23052
23054
23059
23060
23062
23064
23067
23068
23069
23070
23071
23072
23074
23076
23078
23079
23080
23083
23084
23086
23088
23089
23090
23091
23092
23094
23095
23096
23097
23100
23101
23103
23104
23105
23106
23107
23108
23109
23111
23112
23113
23114
23115
23116
23121
23122
23123
23124
23125
23131
23133
23135
23139
23141
23142
23143
23144
23145
23146
23147
23149
23151
23152
23153
23154
23158
23160
23164
23167
23182
23185
23186
23187
23189
23190
23191
23192
23193
23194
23195
23196
23200
23201
23203
23209
23212
23213
23214
23216
23217
23218
23219
23221
23225
23226
23231
23235
23236
23238
23239
23241
23242
23243
23244
23245
23246
23247
23248
23249
23250
23251
23252
23254
23255
23256
23258
23259
23260
23265
23268
23270
23271
23275
23280
23281
23283
23285
23286
23289
23290
23293
23294
23298
23300
23304
23305
23306
23307
23309
23315
23317
23318
23320
23321
23324
23325
23328
23331
23333
23335
23336
23342
23343
23344
23345
23346
23347
23348
23350
23360
23361
23362
23368
23370
23372
23373
23375
23376
23382
23384
23387
23388
23391
23392
23393
23395
23396
23403
23405
23407
23408
23410
23411
23413
23414
23415
23416
23417
23419
23420
23422
23423
23424
23425
23426
23427
23428
23429
23434
23436
23438
23439
23440
23441
23445
23447
23448
23449
23450
23453
23455
23456
23457
23463
23465
23466
23472
23473
23475
23478
23480
23481
23483
23485
23486
23488
23489
23490
23491
23493
23494
23495
23496
23497
23498
23499
23500
23501
23502
23503
23504
23505
23506
23507
23508
23509
23510
23511
23512
23513
23514
23516
23517
23518
23519
23520
23523
23525
23529
23531
23532
23536
23539
23540
23541
23543
23546
23547
23548
23551
23552
23553
23554
23555
23556
23558
23560
23561
23563
23564
23566
23568
23569
23570
23573
23575
23577
23578
23579
23581
23582
23584
23587
23588
23590
23592
23593
23595
23599
23602
23603
23605
23607
23610
23611
23612
23613
23617
23618
23619
23621
23622
23625
23627
23628
23632
23633
23634
23637
23642
23643
23644
23645
23646
23647
23650
23652
23664
23671
23672
23677
23678
23679
23680
23681
23682
23683
23688
23691
23692
23693
23694
23695
23696
23698
23699
23716
23717
23718
23720
23721
23722
23724
23725
23726
23727
23728
23729
23730
23731
23733
23734
23738
23744
23747
23750
23751
23752
23753
23755
23756
23757
23760
23761
23762
23763
23764
23766
23769
23774
23776
23780
23782
23783
23784
23785
23786
23787
23788
23792
23794
23795
23806
23807
23810
23811
23812
23813
23816
23817
23818
23819
23823
23824
23829
23833
23835
23836
23839
23840
23841
23842
23847
23848
23852
23854
23857
23859
23860
23861
23863
23864
23867
23868
23869
23870
23871
23873
23877
23878
23879
23880
23881
23882
23885
23886
23887
23888
23889
23892
23896
23897
23911
23915
23920
23921
23923
23928
23931
23936
23937
23939
23941
23942
23946
23949
23951
23954
23966
23967
23972
23974
23975
23976
23978
23979
23984
23987
23988
23989
23990
23991
23992
23994
23997
24001
24003
24004
24006
24008
24009
24011
24012
24013
24017
24018
24020
24025
24026
24027
24028
24029
24034
24035
24039
24043
24046
24048
24049
24050
24052
24053
24054
24055
24057
24058
24059
24060
24061
24062
24063
24066
24067
24068
24070
24071
24072
24073
24077
24078
24079
24081
24082
24083
24086
24087
24088
24089
24091
24092
24095
24096
24097
24099
24100
24101
24104
24105
24109
24118
24119
24121
24126
24127
24128
24132
24134
24137
24138
24140
24144
24148
24149
24150
24151
24154
24156
24157
24159
24160
24161
24162
24164
24165
24169
24170
24174
24175
24176
24177
24179
24180
24182
24183
24187
24188
24189
24191
24193
24201
24202
24203
24204
24205
24207
24208
24209
24213
24215
24218
24220
24222
24223
24224
24225
24229
24231
24232
24234
24237
24239
24240
24241
24242
24243
24244
24246
24247
24250
24252
24253
24254
24256
24257
24260
24262
24263
24265
24267
24270
24271
24272
24274
24275
24276
24277
24278
24280
24281
24283
24285
24287
24288
24289
24290
24292
24293
24294
24295
24296
24297
24301
24303
24304
24306
24307
24310
24315
24317
24319
24320
24323
24326
24327
24329
24333
24335
24337
24339
24340
24341
24342
24343
24344
24346
24347
24349
24351
24352
24357
24358
24362
24364
24365
24366
24368
24369
24370
24371
24375
24376
24378
24379
24380
24382
24383
24388
24389
24390
24391
24392
24393
24395
24396
24397
24398
24399
24404
24406
24407
24408
24413
24414
24416
24418
24419
24420
24421
24422
24423
24428
24429
24430
24432
24434
24437
24438
24441
24442
24443
24444
24445
24446
24447
24449
24451
24452
24453
24454
24456
24458
24463
24464
24466
24473
24475
24478
24479
24480
24482
24483
24484
24487
24488
24490
24491
24492
24493
24494
24495
24497
24499
24500
24502
24503
24504
24505
24509
24510
24513
24518
24524
24525
24526
24527
24528
24529
24530
24531
24532
24534
24535
24536
24537
24538
24539
24541
24543
24545
24547
24548
24549
24550
24552
24553
24555
24558
24559
24561
24562
24563
24564
24566
24567
24570
24571
24574
24575
24576
24578
24581
24582
24583
24584
24585
24587
24588
24589
24591
24592
24596
24597
24598
24600
24601
24603
24604
24606
24607
24609
24610
24611
24613
24614
24618
24619
24621
24622
24624
24626
24627
24629
24630
24632
24636
24637
24643
24644
24645
24646
24648
24649
24650
24651
24652
24654
24655
24665
24666
24668
24669
24670
24671
24672
24673
24677
24679
24680
24681
24682
24683
24685
24690
24698
24700
24702
24703
24704
24707
24708
24710
24711
24715
24717
24718
24719
24721
24727
24728
24730
24733
24734
24735
24737
24738
24739
24742
24743
24744
24745
24748
24749
24753
24756
24757
24759
24764
24767
24769
24772
24774
24775
24781
24785
24786
24787
24788
24789
24791
24792
24794
24795
24797
24800
24801
24807
24815
24816
24818
24819
24824
24827
24828
24830
24831
24832
24833
24834
24836
24838
24840
24844
24845
24848
24849
24850
24852
24853
24854
24855
24856
24857
24860
24861
24863
24865
24866
24867
24868
24869
24871
24872
24874
24875
24876
24877
24878
24880
24883
24885
24886
24887
24888
24890
24891
24892
24897
24910
24912
24913
24915
24917
24918
24920
24921
24926
24927
24928
24930
24931
24932
24933
24936
24937
24938
24939
24940
24943
24944
24945
24947
24948
24949
24950
24953
24954
24955
24960
24961
24965
24966
24967
24968
24971
24975
24978
24979
24980
24983
24984
24985
24986
24987
24990
24993
24994
24995
24996
24999
25001
25002
25003
25005
25006
25008
25011
25012
25014
25015
25020
25021
25023
25024
25025
25026
25027
25030
25031
25032
25033
25036
25037
25039
25043
25044
25046
25047
25048
25050
25051
25053
25055
25058
25063
25064
25072
25082
25083
25087
25088
25092
25093
25095
25096
25097
25098
25100
25101
25113
25115
25120
25128
25129
25130
25132
25136
25137
25139
25140
25141
25149
25151
25154
25155
25157
25160
25161
25162
25165
25167
25168
25170
25173
25174
25176
25179
25180
25182
25184
25185
25186
25188
25189
25192
25193
25195
25196
25197
25199
25200
25202
25204
25210
25220
25244
25245
25246
25247
25248
25250
25253
25255
25256
25269
25271
25272
25274
25275
25276
25277
25279
25280
25282
25283
25286
25287
25288
25293
25294
25295
25297
25298
25299
25300
25301
25302
25306
25308
25309
25317
25319
25320
25330
25334
25337
25342
25344
25346
25347
25348
25350
25351
25352
25353
25354
25355
25357
25359
25361
25362
25363
25365
25367
25370
25371
25372
25381
25382
25383
25384
25385
25390
25391
25392
25393
25399
25401
25409
25410
25415
25416
25421
25433
25434
25435
25436
25437
25438
25439
25440
25441
25442
25444
25445
25446
25447
25448
25451
25453
25454
25457
25459
25461
25462
25467
25468
25469
25470
25471
25474
25475
25478
25479
25480
25481
25484
25485
25486
25491
25492
25493
25494
25495
25497
25498
25499
25500
25501
25502
25503
25507
25508
25509
25510
25511
25513
25514
25517
25518
25519
25520
25522
25528
25529
25530
25532
25533
25534
25535
25547
25550
25553
25558
25560
25561
25562
25563
25565
25566
25568
25570
25571
25573
25574
25577
25578
25580
25581
25582
25584
25586
25588
25590
25591
25595
25596
25597
25599
25601
25602
25603
25605
25606
25607
25608
25610
25611
25612
25615
25617
25618
25619
25620
25621
25625
25627
25629
25630
25631
25632
25633
25635
25636
25637
25638
25640
25641
25643
25645
25648
25651
25652
25654
25655
25658
25660
25661
25663
25667
25669
25671
25672
25674
25676
25677
25678
25680
25681
25683
25684
25685
25688
25689
25690
25691
25693
25696
25698
25702
25704
25705
25707
25708
25709
25710
25711
25713
25714
25715
25716
25719
25720
25721
25729
25731
25732
25733
25734
25736
25738
25739
25740
25741
25744
25746
25747
25749
25750
25751
25753
25754
25755
25757
25759
25761
25763
25769
25777
25778
25780
25785
25786
25788
25789
25792
25794
25795
25796
25798
25800
25803
25806
25807
25808
25810
25811
25812
25813
25815
25816
25818
25819
25820
25821
25823
25824
25826
25828
25832
25834
25837
25838
25839
25841
25842
25843
25844
25845
25847
25848
25849
25850
25851
25853
25854
25855
25857
25858
25859
25860
25861
25862
25863
25865
25868
25870
25876
25877
25880
25881
25882
25883
25884
25885
25888
25894
25896
25901
25902
25903
25904
25905
25906
25907
25908
25909
25911
25915
25917
25918
25920
25923
25927
25928
25929
25930
25931
25932
25933
25934
25935
25936
25938
25939
25940
25942
25945
25947
25948
25949
25951
25955
25956
25958
25959
25960
25965
25967
25968
25970
25971
25972
25973
25974
25975
25976
25977
25978
25979
25980
25981
25982
25983
25984
25985
25986
25987
25989
25992
25993
25994
26001
26006
26007
26008
26009
26014
26015
26016
26017
26018
26019
26020
26022
26028
26032
26033
26035
26036
26038
26041
26044
26048
26049
26050
26054
26055
26060
26061
26064
26065
26067
26070
26072
26077
26078
26080
26081
26082
26083
26085
26088
26089
26090
26097
26101
26104
26106
26107
26108
26109
26111
26112
26113
26114
26115
26116
26117
26119
26120
26122
26124
26127
26130
26131
26133
26134
26135
26136
26137
26142
26143
26145
26147
26149
26153
26154
26155
26160
26161
26163
26165
26168
26169
26170
26172
26174
26176
26177
26178
26179
26180
26185
26189
26190
26191
26195
26196
26197
26198
26199
26200
26201
26205
26207
26208
26211
26212
26213
26215
26216
26217
26218
26222
26228
26230
26233
26234
26235
26236
26237
26240
26241
26242
26243
26246
26247
26249
26253
26255
26257
26261
26272
26273
26275
26278
26281
26282
26286
26287
26289
26292
26293
26294
26295
26306
26309
26315
26317
26318
26324
26328
26333
26335
26336
26338
26340
26347
26348
26349
26350
26351
26352
26353
26354
26355
26357
26358
26360
26362
26365
26366
26367
26368
26369
26371
26376
26377
26382
26383
26385
26386
26387
26388
26390
26391
26392
26393
26394
26395
26400
26401
26403
26404
26407
26411
26414
26419
26421
26422
26424
26425
26426
26428
26429
26430
26432
26433
26438
26439
26440
26442
26443
26444
26445
26446
26450
26453
26454
26455
26456
26457
26461
26463
26464
26466
26488
26489
26490
26493
26495
26501
26502
26503
26504
26505
26506
26510
26511
26512
26513
26514
26515
26518
26522
26523
26524
26525
26528
26531
26532
26537
26545
26546
26551
26552
26555
26557
26558
26561
26562
26563
26565
26566
26567
26568
26574
26575
26577
26578
26579
26581
26582
26584
26588
26589
26590
26591
26593
26596
26598
26600
26601
26602
26604
26620
26622
26623
26625
26626
26627
26628
26629
26630
26631
26633
26634
26635
26637
26638
26639
26640
26641
26648
26650
26651
26652
26654
26660
26662
26663
26664
26669
26670
26671
26672
26673
26674
26675
26676
26677
26678
26679
26680
26684
26685
26686
26687
26688
26689
26690
26691
26692
26694
26695
26697
26700
26701
26702
26703
26704
26705
26706
26707
26708
26709
26711
26712
26713
26714
26715
26718
26720
26721
26722
26723
26725
26726
26727
26728
26733
26738
26741
26744
26745
26746
26749
26751
26752
26753
26754
26759
26760
26762
26763
26764
26765
26766
26768
26769
26770
26771
26772
26773
26776
26777
26778
26779
26780
26783
26788
26789
26798
26799
26801
26802
26803
26805
26806
26808
26809
26811
26812
26813
26814
26815
26816
26817
26818
26820
26822
26824
26827
26829
26833
26834
26835
26836
26837
26838
26839
26840
26841
26842
26843
26844
26845
26847
26849
26850
26853
26855
26856
26857
26858
26859
26860
26861
26862
26863
26864
26865
26866
26867
26868
26869
26870
26871
26873
26875
26876
26877
26879
26880
26881
26882
26883
26884
26885
26887
26888
26889
26890
26891
26894
26895
26896
26897
26898
26899
26900
26903
26904
26905
26906
26907
26909
26910
26911
26912
26913
26915
26916
26917
26918
26919
26923
26924
26925
26926
26927
26932
26935
26937
26938
26939
26940
26941
26942
26943
26944
26945
26947
26948
26949
26950
26951
26952
26953
26954
26955
26956
26957
26960
26961
26963
26965
26966
26967
26968
26970
26971
26973
26974
26975
26979
26980
26981
26982
26983
26984
26985
26986
26987
26988
26991
26993
26994
26995
26996
26997
26998
26999
27000
27003
27004
27005
27007
27009
27010
27012
27013
27014
27015
27016
27018
27019
27020
27021
27023
27026
27027
27028
27029
27030
27031
27032
27033
27036
27037
27040
27043
27044
27045
27046
27047
27048
27049
27050
27054
27055
27057
27059
27060
27061
27062
27064
27065
27066
27067
27068
27069
27070
27072
27073
27074
27076
27080
27081
27082
27083
27084
27085
27086
27087
27089
27090
27091
27092
27093
27095
27097
27098
27100
27101
27102
27103
27108
27109
27112
27113
27114
27115
27116
27119
27120
27121
27122
27123
27124
27125
27126
27127
27128
27130
27131
27132
27133
27134
27135
27137
27138
27139
27140
27141
27142
27143
27144
27145
27147
27149
27151
27152
27153
27154
27156
27157
27158
27159
27163
27165
27166
27167
27168
27169
27170
27171
27172
27173
27174
27175
27176
27177
27178
27180
27182
27183
27184
27185
27186
27187
27188
27189
27190
27191
27192
27194
27195
27196
27197
27198
27200
27201
27202
27203
27204
27205
27206
27207
27208
27209
27211
27212
27214
27220
27221
27224
27226
27227
27228
27229
27236
27237
27238
27239
27242
27243
27244
27246
27247
27250
27251
27256
27257
27258
27259
27260
27261
27264
27265
27266
27267
27268
27269
27270
27271
27274
27275
27277
27278
27279
27280
27281
27282
27283
27284
27285
27286
27287
27288
27290
27291
27292
27293
27294
27295
27296
27297
27298
27299
27300
27301
27302
27304
27305
27306
27308
27309
27310
27311
27314
27317
27318
27321
27323
27324
27325
27326
27327
27328
27329
27330
27332
27333
27334
27335
27337
27340
27341
27342
27343
27345
27346
27349
27350
27351
27352
27353
27354
27355
27356
27357
27358
27359
27360
27361
27362
27363
27364
27367
27368
27369
27370
27373
27375
27377
27379
27380
27381
27382
27383
27384
27385
27387
27388
27389
27390
27391
27392
27393
27394
27395
27401
27403
27404
27405
27406
27409
27410
27411
27413
27416
27418
27419
27420
27421
27422
27423
27424
27425
27426
27427
27428
27429
27430
27431
27432
27433
27436
27437
27438
27439
27440
27444
27445
27446
27447
27448
27449
27450
27451
27453
27454
27455
27456
27457
27458
27459
27460
27461
27462
27463
27464
27466
27467
27468
27469
27473
27474
27476
27477
27478
27479
27480
27482
27483
27484
27487
27488
27490
27491
27492
27493
27494
27495
27496
27497
27498
27499
27500
27501
27502
27503
27504
27508
27509
27514
27516
27517
27518
27519
27520
27521
27522
27523
27525
27526
27527
27528
27529
27530
27531
27532
27533
27534
27535
27536
27537
27539
27540
27541
27542
27544
27545
27548
27551
27554
27555
27561
27562
27564
27566
27573
27574
27582
27583
27585
27590
27591
27592
27595
27596
27597
27598
27600
27601
27603
27604
27605
27606
27607
27608
27611
27612
27613
27614
27615
27616
27617
27618
27619
27620
27621
27622
27623
27624
27625
27626
27627
27628
27629
27631
27632
27633
27634
27635
27638
27639
27640
27641
27642
27644
27645
27646
27647
27648
27649
27650
27652
27653
27654
27655
27657
27658
27659
27660
27661
27662
27663
27664
27665
27666
27667
27668
27669
27672
27673
27674
27681
27682
27683
27684
27685
27686
27688
27689
27690
27691
27695
27696
27697
27698
27699
27701
27702
27709
27710
27711
27712
27713
27714
27718
27721
27722
27723
27726
27728
27729
27730
27731
27732
27733
27735
27736
27737
27740
27741
27743
27746
27747
27749
27750
27752
27753
27754
27755
27757
27758
27763
27764
27765
27766
27767
27769
27770
27773
27774
27775
27776
27778
27781
27783
27786
27805
27806
27808
27809
27811
27814
27816
27817
27820
27823
27825
27826
27827
27828
27829
27830
27831
27832
27833
27836
27837
27838
27842
27843
27844
27845
27846
27851
27852
27854
27855
27856
27857
27858
27859
27860
27861
27862
27863
27864
27865
27866
27867
27868
27869
27870
27871
27872
27873
27874
27875
27876
27877
27878
27879
27880
27881
27882
27883
27884
27886
27887
27889
27890
27891
27894
27895
27896
27897
27898
27899
27900
27901
27902
27904
27905
27906
27907
27908
27910
27923
27924
27926
27927
27928
27929
27932
27933
27934
27935
27936
27937
27938
27940
27941
27942
27944
27945
27946
27948
27949
27950
27951
27952
27953
27954
27955
27956
27957
27958
27959
27961
27962
27963
27964
27965
27966
27968
27969
27970
27971
27972
27975
27976
27977
27978
27980
27981
27982
27984
27985
27986
27987
27988
27990
27992
27993
27994
27995
27996
27997
27998
27999
28000
28001
28002
28003
28004
28005
28006
28007
28008
28009
28010
28011
28012
28013
28015
28016
28017
28019
28020
28021
28022
28023
28025
28026
28027
28028
28032
28033
28034
28036
28037
28038
28050
28051
28053
28055
28056
28057
28058
28059
28061
28062
28063
28065
28066
28072
28073
28074
28075
28076
28077
28078
28079
28080
28081
28082
28083
28084
28085
28086
28087
28088
28089
28090
28094
28095
28097
28098
28101
28105
28107
28109
28112
28115
28117
28122
28124
28127
28128
28129
28130
28131
28132
28133
28134
28135
28137
28139
28140
28141
28142
28144
28153
28154
28156
28157
28158
28160
28161
28164
28165
28166
28167
28168
28169
28170
28172
28173
28175
28176
28177
28178
28180
28181
28184
28185
28186
28187
28188
28189
28190
28191
28194
28195
28196
28198
28199
28201
28202
28203
28204
28205
28208
28209
28210
28215
28216
28218
28220
28221
28222
28224
28226
28227
28228
28229
28230
28231
28232
28234
28237
28238
28243
28244
28245
28247
28248
28249
28250
28251
28252
28254
28255
28256
28257
28258
28259
28260
28261
28262
28263
28264
28265
28268
28269
28270
28271
28272
28273
28275
28277
28279
28280
28281
28282
28283
28284
28285
28287
28288
28289
28290
28292
28293
28294
28295
28296
28297
28300
28302
28311
28312
28313
28316
28317
28318
28319
28320
28321
28322
28324
28325
28326
28327
28328
28329
28331
28332
28335
28341
28344
28345
28346
28347
28348
28349
28350
28351
28352
28353
28354
28355
28356
28357
28358
28359
28361
28363
28364
28365
28366
28367
28368
28369
28370
28373
28374
28375
28376
28379
28382
28385
28386
28387
28389
28391
28393
28394
28395
28396
28400
28401
28404
28405
28406
28407
28408
28411
28412
28413
28420
28421
28422
28429
28430
28431
28432
28433
28434
28435
28436
28438
28439
28440
28441
28442
28443
28444
28445
28446
28447
28448
28451
28452
28454
28455
28456
28458
28459
28460
28461
28462
28463
28465
28466
28468
28471
28472
28475
28476
28481
28482
28483
28486
28488
28489
28490
28491
28494
28499
28500
28501
28502
28503
28505
28506
28507
28508
28509
28510
28511
28515
28516
28517
28520
28521
28522
28523
28524
28525
28526
28527
28528
28529
28533
28534
28535
28536
28537
28539
28541
28542
28543
28544
28546
28547
28548
28549
28550
28551
28552
28553
28554
28555
28556
28557
28558
28560
28562
28565
28571
28573
28574
28577
28579
28580
28581
28582
28583
28584
28585
28586
28587
28588
28589
28590
28591
28592
28593
28594
28595
28596
28598
28599
28600
28601
28602
28604
28605
28606
28607
28608
28609
28610
28611
28612
28613
28614
28615
28616
28617
28618
28619
28620
28621
28622
28623
28624
28625
28626
28628
28629
28630
28631
28632
28633
28634
28635
28636
28637
28638
28639
28640
28641
28642
28643
28644
28645
28646
28647
28648
28649
28650
28651
28652
28653
28654
28655
28656
28657
28658
28659
28660
28661
28663
28664
28665
28666
28667
28669
28671
28672
28673
28674
28675
28676
28677
28678
28679
28680
28681
28682
28683
28685
28686
28687
28688
28689
28690
28691
28692
28693
28694
28695
28696
28697
28698
28699
28700
28701
28702
28704
28705
28706
28707
28708
28709
28710
28711
28712
28713
28714
28717
28718
28719
28723
28728
28729
28730
28731
28732
28733
28734
28736
28746
28749
28750
28751
28752
28753
28755
28758
28759
28761
28762
28763
28764
28775
28776
28779
28799
28804
28808
28809
28810
28813
28816
28817
28818
28820
28824
28827
28830
28832
28835
28836
28837
28838
28842
28844
28846
28848
28851
28854
28859
28860
28861
28863
28864
28865
28866
28867
28868
28869
28870
28871
28873
28877
28878
28879
28883
28884
28886
28887
28888
28894
28897
28899
28902
28903
28904
28905
28906
28907
28908
28909
28910
28925
28926
28934
28935
28936
28937
28939
28940
28942
28943
28944
28950
28953
28954
28956
28960
28961
28966
28968
28969
28970
28971
28973
28974
28975
28976
28979
28982
28983
28986
28987
28988
28989
28990
28991
28992
28996
28997
28999
29000
29001
29002
29004
29005
29006
29007
29008
29009
29011
29012
29013
29014
29016
29018
29020
29021
29022
29023
29024
29026
29027
29030
29035
29036
29037
29038
29039
29041
29044
29045
29047
29050
29051
29052
29053
29055
29056
29057
29060
29061
29062
29063
29065
29067
29068
29070
29071
29072
29073
29074
29076
29080
29081
29082
29083
29087
29088
29089
29090
29091
29092
29093
29094
29095
29099
29100
29102
29103
29105
29108
29111
29112
29113
29116
29117
29118
29119
29122
29125
29127
29128
29129
29130
29132
29135
29138
29139
29140
29141
29143
29145
29146
29150
29151
29152
29153
29155
29157
29158
29159
29160
29161
29164
29165
29167
29168
29169
29172
29173
29174
29175
29176
29177
29178
29180
29181
29183
29184
29191
29192
29193
29194
29196
29205
29207
29208
29214
29217
29222
29230
29231
29232
29233
29234
29235
29236
29237
29238
29241
29242
29245
29247
29250
29256
29258
29263
29264
29265
29266
29267
29272
29274
29277
29278
29279
29280
29282
29283
29285
29286
29287
29288
29290
29291
29292
29293
29296
29299
29301
29302
29303
29304
29305
29306
29307
29309
29311
29312
29314
29315
29316
29317
29318
29319
29320
29322
29323
29324
29325
29326
29327
29328
29329
29330
29331
29332
29333
29334
29335
29336
29337
29338
29339
29340
29341
29343
29344
29345
29346
29347
29348
29349
29350
29351
29353
29354
29360
29362
29363
29364
29365
29367
29368
29371
29372
29374
29375
29376
29378
29379
29380
29384
29388
29389
29390
29392
29395
29398
29404
29405
29406
29407
29410
29412
29413
29416
29417
29418
29422
29423
29424
29425
29427
29428
29429
29430
29440
29442
29446
29448
29449
29450
29454
29459
29460
29461
29463
29464
29466
29467
29468
29470
29471
29472
29473
29474
29476
29477
29480
29482
29490
29492
29493
29494
29498
29499
29500
29505
29507
29509
29510
29512
29513
29515
29517
29520
29522
29523
29525
29527
29530
29533
29534
29535
29536
29540
29543
29544
29547
29548
29549
29554
29555
29556
29557
29558
29559
29561
29562
29563
29564
29565
29566
29567
29568
29569
29570
29585
29586
29588
29589
29590
29591
29592
29594
29596
29597
29598
29601
29602
29603
29604
29605
29606
29607
29609
29610
29611
29613
29614
29616
29617
29618
29620
29621
29623
29624
29625
29626
29627
29628
29630
29631
29632
29633
29634
29637
29638
29639
29640
29642
29643
29644
29645
29646
29649
29650
29651
29652
29653
29654
29659
29661
29665
29666
29672
29674
29675
29676
29679
29680
29681
29683
29684
29685
29686
29687
29689
29690
29692
29693
29695
29696
29698
29699
29700
29701
29702
29703
29704
29705
29706
29707
29708
29711
29712
29713
29714
29715
29716
29717
29718
29719
29722
29724
29725
29726
29728
29729
29730
29733
29734
29735
29737
29738
29739
29740
29741
29742
29743
29745
29746
29748
29749
29754
29755
29756
29758
29759
29760
29762
29763
29764
29766
29767
29769
29770
29772
29773
29775
29776
29777
29778
29780
29781
29784
29788
29789
29790
29792
29793
29795
29797
29798
29799
29800
29801
29802
29804
29805
29806
29808
29809
29810
29811
29812
29814
29815
29816
29817
29818
29819
29820
29824
29826
29828
29829
29830
29833
29835
29836
29837
29838
29840
29843
29844
29846
29848
29849
29850
29851
29852
29853
29855
29856
29857
29858
29859
29860
29861
29862
29863
29866
29868
29869
29870
29871
29872
29873
29874
29876
29877
29878
29879
29880
29881
29883
29884
29885
29886
29887
29888
29889
29890
29892
29893
29895
29896
29897
29900
29904
29906
29907
29911
29914
29915
29916
29918
29920
29921
29923
29925
29926
29927
29931
29932
29934
29940
29943
29944
29945
29946
29948
29950
29952
29953
29954
29955
29956
29957
29958
29959
29960
29961
29962
29963
29964
29967
29969
29970
29972
29975
29976
29979
29981
29982
29984
29985
29986
29988
29993
29994
29995
30000
30002
30004
30005
30006
30007
30008
30009
30010
30011
30012
30013
30014
30017
30019
30024
30025
30027
30029
30030
30031
30032
30033
30035
30036
30037
30038
30039
30041
30042
30044
30045
30046
30048
30050
30051
30052
30054
30056
30057
30058
30059
30060
30061
30064
30066
30068
30069
30070
30071
30072
30074
30075
30076
30077
30080
30081
30082
30083
30084
30085
30086
30087
30088
30089
30090
30094
30095
30096
30097
30098
30099
30100
30101
30102
30103
30104
30105
30108
30110
30111
30112
30113
30114
30115
30116
30117
30119
30120
30121
30122
30124
30125
30126
30127
30128
30130
30131
30132
30133
30134
30135
30138
30139
30140
30141
30142
30143
30145
30146
30147
30148
30149
30150
30151
30152
30154
30156
30157
30158
30159
30160
30161
30162
30164
30167
30168
30169
30170
30171
30172
30173
30175
30177
30178
30181
30182
30183
30185
30187
30188
30190
30191
30192
30193
30194
30195
30196
30197
30198
30199
30201
30202
30203
30204
30205
30206
30207
30211
30212
30213
30214
30215
30216
30218
30220
30223
30224
30225
30228
30230
30231
30232
30233
30234
30235
30236
30240
30242
30243
30244
30245
30246
30247
30248
30249
30250
30251
30252
30253
30255
30256
30257
30258
30259
30260
30261
30262
30264
30266
30267
30268
30269
30270
30271
30272
30273
30274
30275
30276
30277
30278
30279
30280
30282
30283
30284
30285
30286
30287
30289
30290
30291
30292
30293
30294
30295
30297
30298
30299
30300
30301
30302
30303
30304
30306
30307
30308
30309
30310
30311
30312
30313
30315
30316
30317
30318
30319
30320
30321
30322
30323
30324
30325
30327
30328
30330
30331
30332
30333
30334
30337
30338
30339
30341
30342
30343
30345
30346
30347
30348
30349
30350
30351
30352
30353
30354
30356
30357
30358
30359
30360
30362
30363
30364
30365
30366
30367
30368
30369
30370
30371
30372
30373
30374
30375
30376
30377
30378
30379
30380
30381
30382
30383
30384
30385
30386
30387
30388
30389
30390
30391
30392
30393
30395
30398
30399
30400
30401
30403
30404
30405
30406
30407
30408
30409
30410
30411
30412
30413
30414
30415
30416
30417
30418
30419
30420
30422
30423
30425
30426
30427
30428
30429
30430
30432
30433
30435
30436
30438
30439
30440
30441
30442
30443
30444
30446
30447
30448
30449
30450
30451
30452
30454
30456
30457
30458
30459
30460
30461
30462
30463
30464
30465
30466
30468
30469
30470
30471
30472
30473
30474
30476
30477
30478
30479
30480
30482
30483
30484
30485
30486
30487
30488
30489
30490
30491
30492
30493
30495
30496
30497
30498
30499
30500
30501
30502
30503
30504
30505
30506
30507
30508
30509
30510
30511
30512
30513
30514
30515
30516
30517
30518
30519
30520
30521
30522
30523
30524
30525
30526
30527
30529
30530
30531
30532
30533
30534
30535
30536
30537
30538
30539
30540
30541
30542
30543
30544
30545
30546
30547
30550
30551
30552
30553
30554
30555
30556
30557
30558
30559
30561
30562
30564
30565
30566
30567
30568
30569
30570
30571
30572
30573
30574
30576
30580
30581
30582
30583
30584
30585
30586
30587
30588
30589
30590
30591
30592
30593
30595
30597
30598
30599
30600
30602
30604
30605
30606
30607
30609
30610
30611
30612
30614
30615
30616
30618
30619
30620
30621
30622
30623
30624
30625
30626
30627
30628
30629
30630
30631
30632
30633
30634
30635
30636
30637
30638
30639
30640
30643
30644
30645
30646
30647
30650
30651
30652
30654
30655
30656
30657
30658
30659
30660
30661
30662
30664
30665
30666
30667
30668
30669
30670
30671
30672
30673
30674
30675
30676
30677
30678
30679
30680
30681
30682
30683
30684
30685
30686
30688
30689
30691
30692
30693
30694
30695
30696
30697
30700
30701
30702
30705
30706
30707
30708
30712
30713
30714
30716
30717
30718
30719
30722
30724
30726
30727
30729
30731
30733
30734
30735
30736
30737
30739
30743
30744
30747
30748
30749
30750
30751
30756
30757
30758
30759
30760
30761
30763
30768
30769
30770
30771
30772
30773
30775
30776
30777
30779
30780
30781
30782
30783
30784
30785
30787
30788
30789
30791
30792
30793
30795
30798
30799
30800
30801
30802
30803
30804
30805
30807
30808
30811
30812
30813
30814
30815
30816
30817
30818
30819
30820
30821
30822
30823
30824
30825
30826
30827
30828
30829
30830
30831
30832
30833
30834
30835
30836
30837
30841
30844
30845
30847
30848
30849
30850
30851
30852
30853
30855
30856
30858
30859
30860
30861
30863
30865
30866
30867
30870
30872
30873
30875
30876
30877
30878
30879
30880
30882
30883
30884
30886
30887
30888
30890
30891
30892
30893
30895
30896
30898
30900
30901
30902
30903
30904
30905
30906
30908
30910
30911
30912
30913
30914
30915
30916
30917
30919
30920
30921
30922
30923
30924
30925
30926
30928
30929
30931
30935
30936
30937
30938
30939
30940
30941
30942
30943
30944
30945
30946
30947
30952
30954
30955
30956
30957
30958
30959
30960
30961
30962
30963
30964
30965
30966
30967
30968
30970
30971
30973
30974
30975
30976
30977
30978
30979
30980
30981
30982
30983
30984
30985
30986
30987
30988
30989
30991
30992
30993
30995
30997
30998
30999
31000
31001
31003
31005
31006
31007
31009
31011
31014
31015
31016
31017
31019
31020
31021
31023
31024
31025
31031
31033
31038
31041
31044
31045
31046
31047
31048
31050
31051
31052
31053
31055
31057
31059
31063
31064
31065
31066
31067
31068
31070
31071
31072
31074
31076
31077
31078
31079
31080
31081
31082
31083
31084
31086
31088
31089
31090
31091
31093
31095
31096
31097
31098
31099
31100
31101
31102
31103
31104
31105
31107
31109
31110
31111
31112
31113
31114
31115
31117
31118
31120
31121
31124
31125
31126
31127
31128
31129
31130
31131
31132
31133
31134
31135
31136
31137
31139
31141
31142
31144
31146
31150
31151
31152
31153
31155
31156
31157
31158
31159
31161
31162
31163
31164
31167
31169
31172
31173
31174
31175
31176
31177
31178
31179
31180
31181
31182
31183
31184
31186
31190
31191
31193
31194
31195
31196
31197
31198
31199
31200
31201
31203
31205
31206
31207
31208
31209
31211
31212
31213
31214
31215
31216
31218
31219
31220
31221
31222
31224
31225
31226
31228
31229
31230
31231
31232
31233
31234
31235
31236
31237
31238
31239
31241
31242
31243
31244
31245
31246
31247
31248
31250
31251
31252
31253
31255
31256
31257
31258
31259
31261
31262
31263
31264
31265
31266
31268
31269
31270
31273
31275
31276
31278
31279
31280
31283
31284
31286
31287
31288
31289
31291
31292
31293
31294
31295
31297
31298
31299
31300
31302
31303
31304
31306
31307
31309
31311
31313
31314
31315
31317
31318
31319
31324
31325
31326
31327
31329
31333
31335
31336
31338
31339
31342
31343
31344
31345
31346
31347
31348
31350
31351
31352
31353
31354
31355
31356
31358
31360
31363
31364
31365
31366
31367
31368
31369
31372
31373
31374
31376
31378
31381
31382
31384
31385
31386
31387
31389
31390
31391
31393
31394
31395
31396
31398
31399
31400
31401
31402
31403
31404
31406
31407
31408
31409
31410
31412
31413
31417
31418
31419
31420
31422
31423
31424
31425
31427
31428
31429
31430
31432
31433
31434
31435
31436
31438
31439
31440
31442
31443
31444
31445
31446
31447
31449
31454
31455
31456
31458
31459
31460
31461
31462
31463
31464
31465
31466
31467
31468
31469
31470
31471
31472
31474
31475
31476
31477
31478
31479
31481
31482
31483
31484
31485
31486
31488
31489
31491
31494
31495
31496
31497
31498
31501
31502
31503
31504
31505
31506
31507
31509
31510
31511
31512
31513
31514
31515
31516
31518
31519
31520
31521
31522
31523
31524
31527
31528
31529
31530
31532
31533
31534
31535
31536
31537
31539
31540
31541
31542
31546
31547
31548
31550
31552
31554
31555
31556
31557
31558
31559
31560
31561
31562
31563
31564
31565
31566
31568
31569
31570
31571
31572
31573
31574
31576
31577
31580
31581
31582
31583
31584
31585
31586
31587
31588
31590
31591
31592
31593
31594
31595
31596
31597
31598
31599
31600
31601
31604
31605
31606
31607
31608
31609
31610
31611
31612
31613
31614
31615
31616
31617
31618
31619
31620
31621
31622
31623
31624
31626
31630
31631
31632
31633
31634
31635
31638
31639
31640
31641
31642
31644
31647
31648
31649
31650
31651
31652
31654
31656
31657
31658
31659
31660
31661
31662
31663
31664
31667
31668
31669
31670
31671
31672
31673
31674
31675
31677
31678
31679
31680
31683
31691
31694
31695
31699
31700
31701
31702
31703
31705
31707
31709
31710
31712
31714
31718
31719
31720
31721
31722
31723
31724
31725
31728
31729
31731
31732
31736
31738
31739
31740
31741
31742
31743
31744
31745
31746
31747
31748
31749
31750
31751
31752
31753
31754
31755
31756
31757
31759
31760
31761
31762
31763
31765
31767
31768
31769
31772
31775
31778
31779
31780
31781
31782
31783
31784
31785
31786
31787
31790
31792
31793
31794
31795
31796
31797
31799
31800
31801
31802
31803
31804
31805
31806
31807
31809
31810
31811
31812
31813
31815
31816
31817
31818
31819
31820
31822
31823
31824
31825
31826
31827
31828
31829
31831
31832
31833
31834
31835
31836
31837
31838
31840
31841
31844
31846
31848
31849
31850
31852
31853
31854
31855
31856
31857
31858
31859
31860
31861
31862
31864
31865
31867
31868
31869
31870
31871
31872
31873
31874
31875
31876
31877
31878
31880
31881
31882
31884
31885
31889
31891
31892
31893
31894
31895
31896
31897
31898
31899
31900
31901
31902
31903
31904
31905
31906
31907
31909
31910
31911
31912
31913
31914
31915
31916
31917
31918
31919
31920
31921
31922
31923
31924
31925
31926
31927
31928
31930
31931
31932
31933
31934
31935
31937
31938
31939
31941
31942
31943
31944
31945
31946
31947
31948
31949
31950
31951
31952
31953
31954
31955
31956
31957
31958
31960
31961
31962
31964
31965
31967
31969
31971
31972
31974
31976
31977
31978
31979
31980
31981
31982
31983
31984
31985
31986
31987
31988
31989
31990
31991
31992
31993
31994
31996
31997
31998
31999
32000
32001
32002
32003
32004
32005
32006
32008
32009
32010
32011
32012
32013
32014
32015
32016
32018
32019
32020
32021
32022
32023
32024
32025
32026
32027
32028
32029
32030
32031
32033
32035
32036
32037
32038
32039
32040
32042
32044
32045
32046
32048
32049
32050
32051
32052
32053
32054
32056
32057
32058
32060
32061
32063
32064
32065
32066
32067
32070
32071
32073
32075
32078
32079
32080
32081
32083
32084
32085
32088
32089
32092
32093
32094
32095
32096
32098
32099
32100
32103
32106
32109
32110
32111
32112
32113
32114
32115
32116
32117
32118
32119
32122
32123
32124
32125
32126
32128
32129
32131
32132
32133
32136
32142
32144
32145
32146
32147
32148
32149
32150
32151
32152
32153
32155
32156
32157
32158
32159
32160
32163
32164
32166
32168
32169
32170
32171
32173
32174
32175
32176
32177
32179
32180
32181
32183
32184
32185
32186
32187
32188
32189
32190
32191
32192
32196
32197
32199
32200
32202
32203
32205
32206
32207
32208
32209
32210
32211
32212
32214
32216
32217
32218
32220
32221
32222
32224
32225
32226
32228
32229
32230
32231
32232
32233
32234
32236
32237
32238
32240
32241
32242
32243
32245
32246
32247
32248
32249
32251
32252
32253
32254
32255
32256
32258
32259
32260
32261
32262
32264
32265
32266
32267
32270
32271
32273
32275
32278
32279
32281
32282
32284
32285
32287
32289
32290
32291
32292
32293
32294
32295
32296
32297
32298
32301
32302
32304
32305
32306
32307
32308
32309
32310
32312
32314
32315
32316
32317
32318
32319
32321
32322
32324
32325
32326
32327
32328
32329
32331
32332
32334
32335
32337
32338
32342
32343
32346
32348
32349
32352
32357
32358
32359
32360
32362
32368
32369
32370
32371
32375
32378
32381
32382
32383
32384
32385
32387
32391
32397
32398
32401
32403
32404
32406
32407
32408
32409
32411
32415
32417
32420
32421
32422
32423
32424
32427
32428
32430
32433
32436
32438
32442
32444
32446
32447
32449
32450
32451
32452
32454
32455
32456
32457
32459
32461
32462
32463
32464
32466
32473
32474
32475
32476
32477
32478
32479
32480
32481
32482
32483
32484
32485
32486
32487
32488
32489
32490
32491
32492
32494
32498
32501
32502
32505
32506
32511
32512
32513
32514
32515
32517
32521
32522
32523
32525
32527
32530
32531
32533
32534
32535
32536
32537
32538
32539
32540
32541
32542
32543
32549
32550
32552
32553
32554
32555
32556
32557
32558
32562
32564
32565
32567
32568
32569
32571
32572
32573
32574
32575
32576
32580
32584
32587
32589
32590
32591
32592
32593
32594
32599
32600
32602
32606
32607
32608
32611
32612
32616
32617
32625
32626
32627
32628
32629
32630
32631
32634
32640
32641
32642
32643
32644
32645
32647
32648
32649
32659
32662
32663
32664
32668
32670
32672
32673
32675
32677
32678
32679
32680
32681
32683
32685
32686
32689
32690
32691
32693
32694
32695
32696
32698
32701
32702
32703
32705
32707
32708
32710
32712
32714
32718
32719
32720
32721
32722
32723
32724
32725
32727
32728
32729
32731
32732
32736
32737
32738
32739
32745
32746
32747
32748
32749
32752
32753
32754
32759
32760
32762
32763
32766
32767
32768
32769
32775
32777
32781
32782
32784
32785
32787
32791
32792
32793
32795
32797
32798
32801
32802
32805
32808
32811
32819
32820
32821
32826
32828
32830
32833
32834
32835
32837
32838
32840
32843
32848
32852
32854
32856
32860
32863
32864
32866
32867
32868
32870
32871
32872
32873
32874
32875
32876
32877
32878
32880
32881
32883
32884
32885
32886
32888
32889
32891
32893
32894
32895
32896
32897
32899
32900
32901
32903
32905
32906
32907
32908
32909
32910
32911
32912
32913
32914
32915
32918
32920
32921
32922
32923
32926
32931
32932
32933
32934
32935
32936
32941
32942
32945
32946
32947
32948
32949
32950
32951
32953
32956
32958
32959
32961
32962
32963
32964
32965
32966
32967
32968
32969
32973
32976
32979
32980
32981
32982
32984
32985
32987
32988
32989
32994
32995
32996
32997
32998
32999
33000
33001
33002
33003
33005
33006
33007
33008
33010
33013
33015
33016
33019
33020
33021
33022
33023
33028
33030
33035
33036
33038
33040
33042
33043
33045
33046
33047
33049
33050
33051
33053
33054
33057
33058
33059
33061
33071
33077
33080
33082
33083
33086
33088
33090
33091
33092
33095
33096
33098
33099
33101
33104
33106
33109
33111
33115
33120
33125
33126
33131
33133
33134
33135
33136
33137
33138
33140
33142
33143
33144
33145
33148
33149
33150
33151
33153
33155
33156
33157
33159
33160
33161
33165
33167
33168
33171
33173
33174
33175
33177
33178
33179
33180
33184
33185
33187
33189
33192
33193
33196
33197
33200
33206
33208
33216
33220
33223
33225
33227
33229
33232
33233
33240
33245
33246
33247
33251
33252
33253
33255
33257
33258
33259
33260
33262
33263
33266
33267
33272
33273
33274
33275
33278
33279
33280
33281
33282
33283
33284
33285
33288
33289
33290
33291
33292
33293
33294
33295
33297
33300
33304
33306
33307
33308
33309
33310
33311
33313
33316
33318
33320
33321
33324
33328
33330
33332
33337
33338
33339
33341
33344
33345
33347
33348
33349
33350
33351
33352
33354
33358
33361
33362
33365
33366
33367
33368
33369
33370
33371
33373
33374
33375
33378
33381
33382
33383
33384
33386
33387
33389
33393
33394
33395
33396
33398
33399
33400
33401
33402
33403
33404
33407
33412
33413
33415
33420
33421
33422
33424
33425
33428
33429
33430
33431
33432
33434
33435
33436
33437
33439
33440
33442
33443
33444
33445
33446
33447
33448
33450
33452
33453
33454
33455
33456
33457
33458
33459
33460
33461
33462
33464
33466
33469
33471
33472
33474
33475
33476
33478
33479
33480
33481
33482
33483
33484
33486
33487
33488
33490
33492
33496
33498
33499
33501
33502
33503
33504
33505
33506
33507
33508
33510
33511
33512
33518
33519
33520
33521
33525
33526
33527
33528
33530
33531
33532
33533
33535
33536
33540
33542
33543
33547
33548
33549
33550
33554
33556
33558
33559
33560
33561
33562
33563
33564
33566
33570
33573
33576
33578
33580
33581
33585
33587
33592
33593
33594
33597
33598
33599
33600
33604
33609
33611
33612
33613
33616
33621
33622
33623
33624
33625
33626
33627
33629
33631
33632
33633
33634
33636
33640
33642
33643
33644
33645
33646
33647
33648
33649
33650
33651
33652
33655
33656
33657
33659
33661
33663
33664
33665
33666
33667
33668
33670
33671
33672
33673
33674
33675
33676
33678
33679
33680
33682
33683
33689
33690
33691
33692
33694
33695
33696
33697
33699
33700
33701
33702
33703
33706
33707
33708
33709
33710
33711
33712
33713
33715
33717
33719
33721
33723
33725
33727
33731
33732
33733
33735
33737
33738
33739
33740
33744
33745
33747
33750
33752
33755
33757
33758
33759
33764
33765
33766
33767
33768
33769
33770
33771
33772
33774
33775
33778
33779
33780
33781
33782
33783
33784
33785
33786
33789
33794
33795
33796
33798
33799
33803
33804
33805
33806
33807
33808
33810
33811
33816
33817
33818
33819
33820
33821
33823
33824
33825
33826
33827
33828
33829
33833
33835
33836
33837
33838
33839
33841
33842
33843
33847
33848
33849
33851
33855
33856
33858
33859
33863
33864
33866
33868
33877
33878
33879
33880
33882
33884
33885
33886
33887
33890
33891
33892
33893
33895
33896
33898
33899
33903
33904
33905
33907
33908
33909
33910
33911
33912
33913
33914
33915
33916
33917
33918
33919
33920
33921
33922
33925
33926
33927
33928
33929
33930
33931
33932
33933
33934
33937
33938
33939
33940
33941
33944
33945
33946
33949
33950
33951
33958
33962
33968
33969
33970
33972
33973
33974
33975
33978
33979
33980
33982
33983
33986
33989
33990
33995
33996
33997
33999
34000
34001
34002
34003
34004
34005
34006
34007
34010
34011
34012
34013
34015
34017
34018
34019
34021
34024
34026
34028
34029
34030
34031
34032
34034
34037
34040
34041
34042
34043
34044
34045
34047
34048
34049
34051
34053
34054
34055
34058
34060
34062
34065
34071
34073
34078
34085
34087
34089
34092
34095
34097
34100
34101
34103
34104
34105
34106
34107
34108
34109
34111
34112
34114
34116
34117
34119
34120
34122
34124
34125
34127
34129
34130
34131
34133
34135
34138
34145
34146
34148
34149
34152
34156
34158
34163
34166
34167
34174
34178
34181
34182
34187
34188
34189
34191
34194
34195
34200
34201
34204
34209
34210
34211
34212
34213
34214
34216
34218
34219
34220
34221
34222
34223
34225
34228
34229
34234
34235
34236
34237
34238
34242
34244
34248
34257
34260
34262
34263
34265
34270
34271
34272
34276
34278
34281
34282
34283
34284
34288
34289
34292
34294
34298
34300
34305
34307
34312
34313
34314
34316
34318
34319
34321
34324
34326
34328
34332
34334
34335
34336
34337
34339
34341
34343
34344
34345
34346
34347
34351
34353
34358
34359
34361
34363
34364
34365
34366
34368
34369
34371
34372
34375
34376
34377
34378
34379
34380
34381
34382
34383
34384
34392
34394
34395
34397
34398
34399
34400
34403
34406
34407
34408
34409
34410
34414
34416
34418
34419
34422
34426
34427
34428
34429
34431
34433
34435
34440
34442
34444
34447
34451
34453
34454
34456
34458
34459
34461
34464
34467
34470
34472
34473
34478
34479
34482
34484
34485
34487
34488
34494
34495
34496
34497
34498
34499
34500
34501
34502
34506
34507
34508
34511
34512
34514
34515
34518
34519
34520
34521
34522
34527
34529
34531
34533
34535
34541
34542
34545
34546
34547
34549
34550
34551
34552
34553
34555
34556
34558
34561
34564
34567
34568
34571
34572
34576
34580
34581
34582
34583
34588
34589
34590
34591
34593
34595
34597
34599
34601
34602
34604
34612
34614
34615
34618
34620
34622
34623
34625
34632
34634
34638
34640
34641
34642
34647
34651
34654
34656
34657
34659
34660
34664
34669
34671
34672
34676
34682
34685
34689
34690
34693
34694
34695
34696
34697
34700
34704
34705
34707
34708
34713
34717
34718
34719
34723
34727
34728
34729
34732
34734
34736
34737
34738
34739
34740
34741
34743
34744
34745
34746
34747
34748
34752
34753
34755
34757
34759
34761
34762
34764
34765
34767
34778
34780
34781
34782
34783
34784
34785
34787
34789
34791
34792
34793
34794
34795
34796
34797
34798
34799
34800
34801
34802
34804
34805
34806
34807
34811
34812
34816
34817
34821
34822
34823
34825
34833
34835
34837
34839
34841
34844
34845
34847
34851
34854
34856
34859
34863
34864
34865
34867
34868
34870
34871
34877
34878
34880
34886
34888
34891
34894
34896
34899
34900
34901
34902
34903
34906
34910
34913
34914
34915
34916
34917
34920
34921
34922
34923
34924
34925
34929
34930
34932
34936
34938
34939
34940
34943
34945
34947
34948
34949
34951
34952
34956
34957
34959
34960
34961
34965
34966
34970
34973
34974
34976
34977
34979
34980
34983
34986
34995
34997
34998
34999
35001
35007
35009
35010
35012
35013
35015
35016
35017
35018
35019
35023
35024
35026
35027
35028
35029
35030
35031
35033
35034
35038
35039
35041
35046
35047
35048
35049
35055
35059
35061
35063
35064
35065
35066
35069
35075
35076
35079
35080
35087
35088
35091
35092
35094
35096
35099
35100
35101
35103
35104
35105
35111
35112
35118
35119
35122
35125
35127
35130
35131
35132
35140
35141
35142
35143
35144
35146
35150
35152
35155
35156
35159
35160
35162
35163
35167
35168
35172
35174
35178
35184
35186
35187
35188
35189
35192
35194
35197
35198
35200
35204
35209
35210
35211
35212
35218
35219
35222
35224
35227
35233
35238
35239
35241
35242
35243
35244
35246
35247
35248
35249
35250
35251
35253
35254
35255
35260
35261
35264
35265
35266
35267
35268
35269
35272
35273
35275
35279
35281
35282
35292
35296
35297
35303
35307
35310
35311
35313
35316
35318
35320
35321
35322
35326
35328
35329
35330
35331
35334
35335
35336
35338
35340
35343
35345
35346
35347
35351
35352
35353
35354
35355
35359
35361
35363
35364
35366
35370
35372
35373
35374
35375
35376
35377
35379
35380
35381
35384
35385
35386
35390
35391
35392
35395
35401
35407
35409
35411
35412
35413
35415
35420
35421
35427
35428
35431
35432
35439
35441
35442
35443
35444
35445
35454
35455
35456
35457
35458
35461
35462
35464
35465
35467
35468
35474
35475
35480
35483
35488
35490
35492
35494
35496
35498
35499
35501
35502
35506
35507
35510
35511
35513
35515
35517
35518
35519
35521
35522
35527
35528
35529
35532
35533
35534
35538
35539
35540
35543
35544
35546
35559
35560
35563
35565
35566
35568
35570
35571
35572
35574
35577
35579
35581
35582
35585
35586
35587
35590
35591
35592
35594
35597
35598
35599
35601
35602
35603
35608
35611
35613
35614
35615
35616
35618
35619
35624
35626
35629
35632
35636
35637
35638
35639
35641
35642
35643
35644
35645
35646
35650
35652
35653
35654
35655
35658
35661
35662
35666
35669
35670
35672
35673
35674
35677
35678
35680
35681
35682
35683
35684
35685
35686
35687
35688
35689
35691
35692
35693
35696
35697
35698
35699
35702
35703
35704
35707
35709
35710
35711
35712
35715
35717
35720
35721
35722
35725
35727
35728
35730
35731
35733
35736
35738
35739
35740
35745
35746
35747
35748
35752
35756
35758
35759
35762
35767
35768
35771
35772
35773
35774
35775
35779
35780
35783
35789
35791
35795
35800
35803
35804
35806
35808
35809
35818
35819
35821
35825
35827
35828
35829
35831
35835
35837
35838
35840
35841
35843
35845
35848
35852
35853
35859
35864
35866
35869
35870
35871
35873
35874
35875
35877
35878
35880
35887
35889
35894
35895
35896
35898
35902
35905
35908
35910
35911
35912
35919
35920
35923
35924
35927
35929
35933
35934
35935
35938
35939
35940
35943
35945
35946
35947
35948
35950
35952
35953
35954
35957
35962
35963
35966
35970
35971
35972
35981
35982
35983
35986
35989
35990
35996
35998
36000
36001
36002
36004
36005
36007
36009
36011
36018
36019
36022
36025
36027
36028
36031
36032
36035
36036
36038
36039
36042
36043
36045
36046
36047
36048
36050
36051
36055
36056
36057
36059
36061
36062
36064
36068
36083
36086
36088
36091
36093
36095
36097
36098
36101
36102
36103
36104
36105
36107
36109
36110
36111
36112
36115
36116
36118
36124
36125
36127
36128
36134
36137
36138
36139
36140
36141
36142
36143
36144
36145
36147
36148
36150
36151
36154
36155
36158
36163
36165
36172
36173
36175
36178
36179
36180
36182
36189
36190
36193
36195
36198
36203
36206
36209
36211
36212
36216
36220
36221
36222
36225
36227
36228
36231
36232
36243
36244
36245
36246
36248
36251
36252
36253
36256
36257
36262
36264
36267
36272
36276
36284
36285
36286
36288
36301
36302
36306
36307
36311
36312
36313
36314
36317
36318
36328
36330
36332
36333
36334
36337
36338
36339
36340
36341
36342
36345
36346
36349
36350
36351
36352
36354
36356
36359
36361
36363
36365
36366
36372
36373
36374
36376
36378
36384
36385
36386
36389
36391
36393
36400
36402
36404
36405
36406
36409
36410
36413
36414
36415
36416
36417
36419
36421
36422
36423
36424
36427
36428
36430
36432
36433
36437
36438
36439
36440
36441
36442
36444
36445
36447
36448
36450
36451
36452
36454
36458
36459
36460
36462
36463
36466
36467
36468
36469
36472
36473
36474
36476
36477
36479
36484
36485
36487
36493
36495
36496
36497
36500
36501
36502
36504
36507
36510
36516
36517
36518
36519
36520
36521
36522
36526
36529
36531
36533
36534
36536
36542
36543
36545
36547
36555
36556
36557
36559
36560
36570
36572
36573
36574
36576
36577
36578
36580
36582
36584
36586
36589
36591
36592
36595
36596
36597
36598
36599
36601
36602
